0 2 -4 -27.5648268746086
0.050251256281407 2.01005025125628 -3.94974874371859 -27.2892572857801
0.100502512562814 2.02010050251256 -3.89949748743719 -26.5084533129554
0.150753768844221 2.03015075376884 -3.84924623115578 -25.7200100630173
0.201005025125628 2.04020100502513 -3.79899497487437 -25.8629641212947
0.251256281407035 2.05025125628141 -3.74874371859296 -25.1720986422418
0.301507537688442 2.06030150753769 -3.69849246231156 -25.3343713041577
0.351758793969849 2.07035175879397 -3.64824120603015 -23.946443207398
0.402010050251256 2.08040201005025 -3.59798994974874 -23.7926913094335
0.452261306532663 2.09045226130653 -3.54773869346734 -22.5777113607366
0.50251256281407 2.10050251256281 -3.49748743718593 -22.3733766351901
0.552763819095477 2.1105527638191 -3.44723618090452 -22.1626408701425
0.603015075376884 2.12060301507538 -3.39698492462312 -21.0733215177351
0.653266331658292 2.13065326633166 -3.34673366834171 -19.8676805900801
0.703517587939699 2.14070351758794 -3.2964824120603 -19.7056288157577
0.753768844221106 2.15075376884422 -3.24623115577889 -18.6440322804594
0.804020100502513 2.1608040201005 -3.19597989949749 -18.2538549178739
0.85427135678392 2.17085427135678 -3.14572864321608 -18.1265301913823
0.904522613065327 2.18090452261307 -3.09547738693467 -17.2139905661153
0.954773869346734 2.19095477386935 -3.04522613065327 -16.6939182352141
1.00502512562814 2.20100502512563 -2.99497487437186 -16.0685351384561
1.05527638190955 2.21105527638191 -2.94472361809045 -15.5547214539798
1.10552763819095 2.22110552763819 -2.89447236180905 -14.8852408447126
1.15577889447236 2.23115577889447 -2.84422110552764 -14.4245480303274
1.20603015075377 2.24120603015075 -2.79396984924623 -14.3496812329205
1.25628140703518 2.25125628140704 -2.74371859296482 -13.2258604712468
1.30653266331658 2.26130653266332 -2.69346733668342 -13.8810102077465
1.35678391959799 2.2713567839196 -2.64321608040201 -11.5955247500816
1.4070351758794 2.28140703517588 -2.5929648241206 -12.0218430335458
1.4572864321608 2.29145728643216 -2.5427135678392 -10.9994405195295
1.50753768844221 2.30150753768844 -2.49246231155779 -10.1060228135996
1.55778894472362 2.31155778894472 -2.44221105527638 -9.84648900340155
1.60804020100503 2.32160804020101 -2.39195979899498 -8.49521934724109
1.65829145728643 2.33165829145729 -2.34170854271357 -8.53411657402359
1.70854271356784 2.34170854271357 -2.29145728643216 -7.9838222291191
1.75879396984925 2.35175879396985 -2.24120603015075 -6.82047524022271
1.80904522613065 2.36180904522613 -2.19095477386935 -6.33242848724862
1.85929648241206 2.37185929648241 -2.14070351758794 -5.65665209835597
1.90954773869347 2.38190954773869 -2.09045226130653 -4.71412398916504
1.95979899497487 2.39195979899498 -2.04020100502513 -4.54088472976236
2.01005025125628 2.40201005025126 -1.98994974874372 -4.65167814904075
2.06030150753769 2.41206030150754 -1.93969849246231 -3.47499339855813
2.1105527638191 2.42211055276382 -1.8894472361809 -2.94393471751816
2.1608040201005 2.4321608040201 -1.8391959798995 -1.9211129735147
2.21105527638191 2.44221105527638 -1.78894472361809 -1.68498868094584
2.26130653266332 2.45226130653266 -1.73869346733668 -2.03502070593379
2.31155778894472 2.46231155778894 -1.68844221105528 -0.06946745833455
2.36180904522613 2.47236180904523 -1.63819095477387 -0.520822827712602
2.41206030150754 2.48241206030151 -1.58793969849246 -0.359524078301023
2.46231155778894 2.49246231155779 -1.53768844221106 0.476147129144177
2.51256281407035 2.50251256281407 -1.48743718592965 1.58696567062302
2.56281407035176 2.51256281407035 -1.43718592964824 1.95273432179869
2.61306532663317 2.52261306532663 -1.38693467336683 2.53016541903816
2.66331658291457 2.53266331658291 -1.33668341708543 3.86704650651747
2.71356783919598 2.5427135678392 -1.28643216080402 4.46984581779928
2.76381909547739 2.55276381909548 -1.23618090452261 4.98841493769122
2.81407035175879 2.56281407035176 -1.18592964824121 5.221130716489
2.8643216080402 2.57286432160804 -1.1356783919598 6.31864318817506
2.91457286432161 2.58291457286432 -1.08542713567839 6.60933892824696
2.96482412060302 2.5929648241206 -1.03517587939698 6.94280193363317
3.01507537688442 2.60301507537688 -0.984924623115578 8.38650171406887
3.06532663316583 2.61306532663317 -0.934673366834171 7.81414762508729
3.11557788944724 2.62311557788945 -0.884422110552764 8.04177034126333
3.16582914572864 2.63316582914573 -0.834170854271357 9.72572816710016
3.21608040201005 2.64321608040201 -0.78391959798995 9.7779831623575
3.26633165829146 2.65326633165829 -0.733668341708543 11.2951424288352
3.31658291457286 2.66331658291457 -0.683417085427136 11.7342100659838
3.36683417085427 2.67336683417085 -0.633165829145728 11.6553085624216
3.41708542713568 2.68341708542714 -0.582914572864321 12.2063829432418
3.46733668341709 2.69346733668342 -0.532663316582914 13.2938264462572
3.51758793969849 2.7035175879397 -0.482412060301507 13.2356810368906
3.5678391959799 2.71356783919598 -0.4321608040201 14.7394712073641
3.61809045226131 2.72361809045226 -0.381909547738693 14.6478115846448
3.66834170854271 2.73366834170854 -0.331658291457286 15.3607802852172
3.71859296482412 2.74371859296482 -0.281407035175879 15.8832823780739
3.76884422110553 2.75376884422111 -0.231155778894472 16.85351833327
3.81909547738693 2.76381909547739 -0.180904522613065 17.7619726497046
3.86934673366834 2.77386934673367 -0.130653266331658 17.4160903740864
3.91959798994975 2.78391959798995 -0.0804020100502512 17.9970298651904
3.96984924623116 2.79396984924623 -0.0301507537688441 19.5496752469849
4.02010050251256 2.80402010050251 0.0201005025125633 19.4201832155745
4.07035175879397 2.81407035175879 0.0703517587939704 20.3085859632235
4.12060301507538 2.82412060301508 0.120603015075377 20.0914808028306
4.17085427135678 2.83417085427136 0.170854271356784 20.5210096614067
4.22110552763819 2.84422110552764 0.221105527638191 22.6425805785836
4.2713567839196 2.85427135678392 0.271356783919598 22.5460036486633
4.32160804020101 2.8643216080402 0.321608040201006 22.7336882675965
4.37185929648241 2.87437185929648 0.371859296482413 23.2497104628352
4.42211055276382 2.88442211055276 0.42211055276382 24.2768286089097
4.47236180904523 2.89447236180905 0.472361809045227 25.1649111514304
4.52261306532663 2.90452261306533 0.522613065326634 24.8706469014097
4.57286432160804 2.91457286432161 0.572864321608041 26.0426882401544
4.62311557788945 2.92462311557789 0.623115577889448 26.6424592674197
4.67336683417085 2.93467336683417 0.673366834170855 27.5061488840403
4.72361809045226 2.94472361809045 0.723618090452262 27.6379737983501
4.77386934673367 2.95477386934673 0.773869346733669 27.788466650678
4.82412060301508 2.96482412060301 0.824120603015076 30.078675911309
4.87437185929648 2.9748743718593 0.874371859296483 29.6024431374848
4.92462311557789 2.98492462311558 0.92462311557789 30.1286742630314
4.9748743718593 2.99497487437186 0.974874371859297 31.0636433628209
5.0251256281407 3.00502512562814 1.0251256281407 31.3419909585857
5.07537688442211 3.01507537688442 1.07537688442211 32.0227464569825
5.12562814070352 3.0251256281407 1.12562814070352 32.299747586276
5.17587939698493 3.03517587939699 1.17587939698493 33.0958055868183
5.22613065326633 3.04522613065327 1.22613065326633 33.4889207084003
5.27638190954774 3.05527638190955 1.27638190954774 33.6160287706745
5.32663316582915 3.06532663316583 1.32663316582915 34.3165768215235
5.37688442211055 3.07537688442211 1.37688442211055 36.115443255216
5.42713567839196 3.08542713567839 1.42713567839196 35.9503163642763
5.47738693467337 3.09547738693467 1.47738693467337 36.9251549317835
5.52763819095477 3.10552763819095 1.52763819095477 36.8885137793194
5.57788944723618 3.11557788944724 1.57788944723618 37.8834010343453
5.62814070351759 3.12562814070352 1.62814070351759 39.1091868836388
5.678391959799 3.1356783919598 1.678391959799 39.5944311449806
5.7286432160804 3.14572864321608 1.7286432160804 38.9960561713144
5.77889447236181 3.15577889447236 1.77889447236181 40.2750136750032
5.82914572864322 3.16582914572864 1.82914572864322 40.7680520177834
5.87939698492462 3.17587939698492 1.87939698492462 41.655871951917
5.92964824120603 3.18592964824121 1.92964824120603 41.6541238431164
5.97989949748744 3.19597989949749 1.97989949748744 41.7683466387393
6.03015075376884 3.20603015075377 2.03015075376884 42.8592312429164
6.08040201005025 3.21608040201005 2.08040201005025 43.349160420593
6.13065326633166 3.22613065326633 2.13065326633166 44.5802944038364
6.18090452261307 3.23618090452261 2.18090452261307 44.339111510628
6.23115577889447 3.24623115577889 2.23115577889447 44.8575336905969
6.28140703517588 3.25628140703518 2.28140703517588 46.4378314489648
6.33165829145729 3.26633165829146 2.33165829145729 46.852907221077
6.38190954773869 3.27638190954774 2.38190954773869 47.0911462754306
6.4321608040201 3.28643216080402 2.4321608040201 47.6004544940491
6.48241206030151 3.2964824120603 2.48241206030151 48.4439226608606
6.53266331658291 3.30653266331658 2.53266331658291 49.3740661913812
6.58291457286432 3.31658291457286 2.58291457286432 50.1558563477523
6.63316582914573 3.32663316582915 2.63316582914573 50.9262904102811
6.68341708542714 3.33668341708543 2.68341708542714 51.3308598142206
6.73366834170854 3.34673366834171 2.73366834170854 51.8470078685819
6.78391959798995 3.35678391959799 2.78391959798995 51.7152876646479
6.83417085427136 3.36683417085427 2.83417085427136 52.4106878490437
6.88442211055276 3.37688442211055 2.88442211055276 52.9525710518155
6.93467336683417 3.38693467336683 2.93467336683417 54.0719694621511
6.98492462311558 3.39698492462312 2.98492462311558 54.4745749337757
7.03517587939699 3.4070351758794 3.03517587939699 54.5986252469914
7.08542713567839 3.41708542713568 3.08542713567839 55.564259275559
7.1356783919598 3.42713567839196 3.1356783919598 56.1885146905342
7.18592964824121 3.43718592964824 3.18592964824121 56.9319911872451
7.23618090452261 3.44723618090452 3.23618090452261 57.2423707822024
7.28643216080402 3.4572864321608 3.28643216080402 57.6029628208469
7.33668341708543 3.46733668341709 3.33668341708543 59.4045877126963
7.38693467336683 3.47738693467337 3.38693467336683 59.7696416876889
7.43718592964824 3.48743718592965 3.43718592964824 59.8719839534329
7.48743718592965 3.49748743718593 3.48743718592965 60.6169652737962
7.53768844221106 3.50753768844221 3.53768844221106 61.1434393868309
7.58793969849246 3.51758793969849 3.58793969849246 61.738545700031
7.63819095477387 3.52763819095477 3.63819095477387 61.6578033086011
7.68844221105528 3.53768844221106 3.68844221105528 62.99781774975
7.73869346733668 3.54773869346734 3.73869346733668 63.3801347841121
7.78894472361809 3.55778894472362 3.78894472361809 63.2550370069875
7.8391959798995 3.5678391959799 3.8391959798995 63.7625507457259
7.8894472361809 3.57788944723618 3.8894472361809 65.4173279927219
7.93969849246231 3.58793969849246 3.93969849246231 65.153619498548
7.98994974874372 3.59798994974874 3.98994974874372 66.3729003021708
8.04020100502513 3.60804020100502 4.04020100502513 66.9271257197083
8.09045226130653 3.61809045226131 4.09045226130653 67.2291947461776
8.14070351758794 3.62814070351759 4.14070351758794 67.7468111045997
8.19095477386935 3.63819095477387 4.19095477386935 69.2855337597502
8.24120603015075 3.64824120603015 4.24120603015075 69.1239141965091
8.29145728643216 3.65829145728643 4.29145728643216 70.3317007642682
8.34170854271357 3.66834170854271 4.34170854271357 70.3440844179739
8.39195979899498 3.67839195979899 4.39195979899498 70.881567102629
8.44221105527638 3.68844221105528 4.44221105527638 71.7009454835122
8.49246231155779 3.69849246231156 4.49246231155779 72.1274699955863
8.5427135678392 3.70854271356784 4.5427135678392 72.6935084010496
8.5929648241206 3.71859296482412 4.5929648241206 74.0264098349571
8.64321608040201 3.7286432160804 4.64321608040201 73.5107670662834
8.69346733668342 3.73869346733668 4.69346733668342 74.3297143710363
8.74371859296483 3.74874371859296 4.74371859296483 75.5997232711239
8.79396984924623 3.75879396984925 4.79396984924623 76.060113274075
8.84422110552764 3.76884422110553 4.84422110552764 76.4267016792874
8.89447236180905 3.77889447236181 4.89447236180905 76.4501917557882
8.94472361809045 3.78894472361809 4.94472361809045 76.8585919544752
8.99497487437186 3.79899497487437 4.99497487437186 78.7613907959637
9.04522613065327 3.80904522613065 5.04522613065327 78.7204540243132
9.09547738693467 3.81909547738693 5.09547738693467 78.959553463393
9.14572864321608 3.82914572864322 5.14572864321608 80.5492286003116
9.19597989949749 3.8391959798995 5.19597989949749 80.3682850753026
9.2462311557789 3.84924623115578 5.2462311557789 81.0578071569374
9.2964824120603 3.85929648241206 5.2964824120603 81.2049241300449
9.34673366834171 3.86934673366834 5.34673366834171 82.3811842562012
9.39698492462312 3.87939698492462 5.39698492462312 82.9880023039191
9.44723618090452 3.8894472361809 5.44723618090452 84.0110013408308
9.49748743718593 3.89949748743719 5.49748743718593 84.3306311358927
9.54773869346734 3.90954773869347 5.54773869346734 85.305354935958
9.59798994974874 3.91959798994975 5.59798994974874 85.5471881661951
9.64824120603015 3.92964824120603 5.64824120603015 85.7523215600384
9.69849246231156 3.93969849246231 5.69849246231156 86.6764871998423
9.74874371859297 3.94974874371859 5.74874371859297 87.1441291442642
9.79899497487437 3.95979899497487 5.79899497487437 86.8154743169174
9.84924623115578 3.96984924623116 5.84924623115578 87.5297197727944
9.89949748743719 3.97989949748744 5.89949748743719 88.9130950899414
9.94974874371859 3.98994974874372 5.94974874371859 89.7370041409023
10 4 6 89.7733775235053
