-1 -17.4315078921611
-0.993311036789298 -11.3646365133242
-0.986622073578595 -21.122736100631
-0.979933110367893 -11.006543368277
-0.973244147157191 -13.5838121661816
-0.966555183946488 -21.7124051029976
-0.959866220735786 -11.6221806893399
-0.953177257525084 -7.20196400473406
-0.946488294314381 -14.7438932912997
-0.939799331103679 -10.1520436803506
-0.933110367892977 -7.33082691651284
-0.926421404682274 -15.9890132413676
-0.919732441471572 -10.3270583563463
-0.91304347826087 -9.64021249474154
-0.906354515050167 -13.7006826265979
-0.899665551839465 -9.47167410591929
-0.892976588628763 -8.44242382905075
-0.88628762541806 -14.0098976878514
-0.879598662207358 1.84599990659514
-0.872909698996655 -3.45349025530325
-0.866220735785953 1.69905580878263
-0.859531772575251 -8.06155668264572
-0.852842809364548 -9.87217133517748
-0.846153846153846 -7.23286516149141
-0.839464882943144 -5.46884711147977
-0.832775919732441 -10.4424010756882
-0.826086956521739 -4.57666307394723
-0.819397993311037 -2.8440822872698
-0.812709030100334 -6.70516416104468
-0.806020066889632 -4.29556477149767
-0.79933110367893 -12.3359955164467
-0.792642140468227 -6.83631773505091
-0.785953177257525 -7.54705025961043
-0.779264214046823 -5.68959110901745
-0.77257525083612 -1.70921022921268
-0.765886287625418 -2.84116040527769
-0.759197324414716 -3.7188051575301
-0.752508361204013 -5.77659389419482
-0.745819397993311 -3.55310186294082
-0.739130434782609 -8.1370026478989
-0.732441471571906 -12.6666730358623
-0.725752508361204 0.888097161262317
-0.719063545150502 -3.78599367183826
-0.712374581939799 -2.751456817188
-0.705685618729097 -2.17156739764702
-0.698996655518395 -3.97515780266145
-0.692307692307692 -7.34877243834158
-0.68561872909699 8.10366267821634
-0.678929765886288 -7.75444919679368
-0.672240802675585 -9.40032092717501
-0.665551839464883 -1.56003922294494
-0.658862876254181 -4.42100747393121
-0.652173913043478 0.976011089050285
-0.645484949832776 -0.867865829743896
-0.638795986622074 -1.72867726320137
-0.632107023411371 -7.92255549935227
-0.625418060200669 -0.670466585480666
-0.618729096989967 1.76818978201737
-0.612040133779264 12.3341375972056
-0.605351170568562 0.62510278015415
-0.59866220735786 -1.42760188353422
-0.591973244147157 -7.24637885253415
-0.585284280936455 -4.60236359633362
-0.578595317725753 -3.30675980505966
-0.57190635451505 -1.2380862226306
-0.565217391304348 -1.46853416857922
-0.558528428093646 -3.89240998698615
-0.551839464882943 5.33945830819816
-0.545150501672241 1.04027243552668
-0.538461538461539 -9.31253556470814
-0.531772575250836 -4.32658247256226
-0.525083612040134 2.89583148254811
-0.518394648829431 3.09841535301906
-0.511705685618729 -6.21980804269822
-0.505016722408027 -1.62725617787952
-0.498327759197324 2.3566612390584
-0.491638795986622 -2.90247869836579
-0.48494983277592 -0.12598186409693
-0.478260869565217 -2.3931993350523
-0.471571906354515 2.67592514633248
-0.464882943143813 0.282515480912599
-0.45819397993311 3.08172044588072
-0.451505016722408 -3.28134893761525
-0.444816053511706 -0.686227240344974
-0.438127090301003 3.93112595746713
-0.431438127090301 5.65828346076272
-0.424749163879599 2.57388843390639
-0.418060200668896 5.20920577338942
-0.411371237458194 7.05279688343596
-0.404682274247492 -2.10850252389163
-0.397993311036789 -0.34299154190042
-0.391304347826087 -7.41140390079141
-0.384615384615385 -0.693357920608441
-0.377926421404682 1.69636381695153
-0.37123745819398 -3.35431688455434
-0.364548494983278 -1.5886879983127
-0.357859531772575 -2.43637683866816
-0.351170568561873 -0.368100971239321
-0.344481605351171 -0.396509793692598
-0.337792642140468 -0.520279327416649
-0.331103678929766 -1.15472486470086
-0.324414715719064 6.53826591316868
-0.317725752508361 2.1809455592668
-0.311036789297659 -3.32951955906997
-0.304347826086957 -2.96243185955477
-0.297658862876254 3.09486759027205
-0.290969899665552 -2.3069130231094
-0.28428093645485 -1.35629578698424
-0.277591973244147 1.75779865905099
-0.270903010033445 5.45668901798191
-0.264214046822743 8.95316109893952
-0.25752508361204 -0.975962352453517
-0.250836120401338 5.60027646086958
-0.244147157190636 -1.08784241749174
-0.237458193979933 -1.7300697407173
-0.230769230769231 -4.67699264186645
-0.224080267558528 -0.865707283166316
-0.217391304347826 -9.18224996002906
-0.210702341137124 -2.84633621768128
-0.204013377926421 -7.74873191943149
-0.197324414715719 2.66243531269008
-0.190635451505017 -2.98315425174467
-0.183946488294314 0.553869077256562
-0.177257525083612 -2.50785021077473
-0.17056856187291 2.3503926534096
-0.163879598662207 8.78890730463327
-0.157190635451505 5.13010946292419
-0.150501672240803 -5.02130586656082
-0.1438127090301 1.2162091074631
-0.137123745819398 -2.51477871215561
-0.130434782608696 9.21609903170667
-0.123745819397993 0.0779822618934143
-0.117056856187291 4.16482885334873
-0.110367892976589 2.07924208891123
-0.103678929765886 -3.02241067494231
-0.096989966555184 -5.01795051631482
-0.0903010033444817 1.91483921054842
-0.0836120401337793 1.12475811065919
-0.076923076923077 -1.40374652461362
-0.0702341137123746 -4.96660416398673
-0.0635451505016723 6.24434363128752
-0.0568561872909699 -0.52353801421323
-0.0501672240802675 5.9899591602588
-0.0434782608695652 2.91204960193432
-0.0367892976588629 -3.09173383405893
-0.0301003344481605 -8.41653458938544
-0.0234113712374582 -0.817245596552207
-0.0167224080267558 0.299126309466106
-0.0100334448160535 6.54532445051769
-0.00334448160535117 5.37779767239473
0.00334448160535117 -3.0149940554223
0.0100334448160535 3.59668854856608
0.0167224080267558 3.91319305370258
0.0234113712374582 -0.489230032730422
0.0301003344481605 5.77213978904472
0.0367892976588629 4.42960188365973
0.0434782608695652 0.779425999882262
0.0501672240802675 2.25140271427898
0.0568561872909699 3.39631196594367
0.0635451505016722 -4.71573665208898
0.0702341137123745 6.97204262283482
0.0769230769230769 1.11053639149718
0.0836120401337792 4.22587299995942
0.0903010033444815 -0.399345760188113
0.0969899665551839 10.1985263131901
0.103678929765886 2.38896045147906
0.110367892976589 2.85238467211272
0.117056856187291 1.20165300715774
0.123745819397993 1.51488924722641
0.130434782608696 0.94929687771629
0.137123745819398 0.815948456399452
0.1438127090301 -0.86237139214897
0.150501672240803 -2.0877584998158
0.157190635451505 3.62436572110405
0.163879598662207 -2.84865088581137
0.17056856187291 -0.391902772457289
0.177257525083612 -12.9356949993479
0.183946488294314 -4.17423544020859
0.190635451505017 8.63064573815293
0.197324414715719 2.12534813820415
0.204013377926421 -1.43340837527639
0.210702341137124 1.84253674672845
0.217391304347826 0.173088336398709
0.224080267558529 -1.4183288379233
0.230769230769231 2.04357408450656
0.237458193979933 -4.47728803195229
0.244147157190636 5.35741787151211
0.250836120401338 4.39552242465149
0.25752508361204 2.5971055925398
0.264214046822743 2.88090322394071
0.270903010033445 3.59796497959799
0.277591973244147 6.39980742205746
0.28428093645485 5.24440559986586
0.290969899665552 2.26285835394809
0.297658862876254 -1.89892673906156
0.304347826086957 -2.34900843971024
0.311036789297659 8.43702532041104
0.317725752508361 -2.80564776151517
0.324414715719064 -1.30594457826738
0.331103678929766 7.00907446585488
0.337792642140468 0.885138003475424
0.344481605351171 9.21140171962059
0.351170568561873 8.44699749497795
0.357859531772575 -0.829549051343832
0.364548494983278 2.93030397411437
0.37123745819398 5.68628390701647
0.377926421404682 8.86903878467606
0.384615384615385 2.41731204655957
0.391304347826087 2.8789975872451
0.397993311036789 10.1187514308559
0.404682274247492 2.85516524250025
0.411371237458194 8.51446048974147
0.418060200668896 -0.388258008510617
0.424749163879599 8.17505806307056
0.431438127090301 1.20312712659861
0.438127090301003 8.30776801634187
0.444816053511706 3.88448985693874
0.451505016722408 5.45579813522253
0.45819397993311 9.80681972083921
0.464882943143813 4.56633179379876
0.471571906354515 4.31898707645948
0.478260869565217 6.32234915237627
0.48494983277592 8.22799596605795
0.491638795986622 13.1447014635634
0.498327759197324 -0.107259289146497
0.505016722408027 3.80031974042788
0.511705685618729 -0.28587083781059
0.518394648829431 7.60933429240142
0.525083612040134 8.27376522785457
0.531772575250836 8.1054245702941
0.538461538461538 9.69808943500208
0.545150501672241 7.18145332503557
0.551839464882943 13.0002526880623
0.558528428093646 6.87419648182651
0.565217391304348 5.83096276791969
0.57190635451505 5.50590210302426
0.578595317725753 11.1720827795921
0.585284280936455 9.37926408202981
0.591973244147157 14.916410522672
0.59866220735786 11.7011257617214
0.605351170568562 12.8986901061902
0.612040133779264 4.73139185497052
0.618729096989967 4.74688404687386
0.625418060200669 5.88895959601882
0.632107023411371 4.56540252504904
0.638795986622074 9.98328537313497
0.645484949832776 11.7286978414374
0.652173913043478 12.6273722486608
0.658862876254181 9.77643843670695
0.665551839464883 14.3953359357601
0.672240802675585 18.8932989575975
0.678929765886288 13.6056509969018
0.68561872909699 10.2748526162861
0.692307692307692 15.5651603671884
0.698996655518395 14.8196011320638
0.705685618729097 8.01724956992456
0.712374581939799 16.2534952860783
0.719063545150502 15.4918216412883
0.725752508361204 16.1395062341599
0.732441471571906 14.4436756746759
0.739130434782609 10.7579581956277
0.745819397993311 19.2514744196684
0.752508361204013 19.2419422674626
0.759197324414716 10.0822834480613
0.765886287625418 15.0623930941035
0.77257525083612 22.5218120578398
0.779264214046823 18.3062530396416
0.785953177257525 18.0302390576934
0.792642140468227 23.4707478733089
0.79933110367893 16.008040052277
0.806020066889632 19.0140155464849
0.812709030100334 18.7029100826378
0.819397993311037 18.5224448397026
0.826086956521739 24.600983879081
0.832775919732441 24.8716755707527
0.839464882943144 15.2806900938828
0.846153846153846 21.3145741292374
0.852842809364548 26.7959717662669
0.859531772575251 25.9888468785756
0.866220735785953 22.3103754629241
0.872909698996655 23.9872502154426
0.879598662207358 31.0536952858193
0.88628762541806 24.7898696774279
0.892976588628763 27.4657953758429
0.899665551839465 22.8384175875758
0.906354515050167 31.29026338294
0.91304347826087 26.8139823396351
0.919732441471572 34.9046789948081
0.926421404682274 31.6098563051653
0.933110367892977 29.2333165649326
0.939799331103679 29.1492061369865
0.946488294314381 27.758921181626
0.953177257525084 24.3331987908058
0.959866220735786 32.3393989192016
0.966555183946488 33.1246586719277
0.973244147157191 46.2674719590487
0.979933110367893 34.5613187615571
0.986622073578595 34.875108784493
0.993311036789298 43.3070120257984
1 43.5773652860414
