0 0.0992560085669253
0.0175116647357291 0.142901889056582
0.0350233294714581 0.16520505720927
0.0525349942071872 0.240345478104054
0.0700466589429162 0.0473601368545251
0.0875583236786453 0.361134038318088
0.105069988414374 0.297175986638776
0.122581653150103 0.494459224447221
0.140093317885832 0.54604818809649
0.157604982621562 0.52709733197606
0.175116647357291 0.351685900837319
0.19262831209302 0.781080677660681
0.210139976828749 0.623885269077434
0.227651641564478 0.909836674430186
0.245163306300207 0.672850480610673
0.262674971035936 1.07738959776389
0.280186635771665 0.990946670680962
0.297698300507394 0.854161584676073
0.315209965243123 0.86110444770908
0.332721629978852 0.739513422535555
0.350233294714581 1.00225838204066
0.36774495945031 1.15082712413637
0.385256624186039 1.23424024234687
0.402768288921768 1.12462263563811
0.420279953657497 1.14700827723338
0.437791618393227 1.06311795514056
0.455303283128956 1.24030159217781
0.472814947864685 1.45613359793322
0.490326612600414 1.44076944383424
0.507838277336143 1.44680106813269
0.525349942071872 1.4016968479396
0.542861606807601 1.13918740076816
0.56037327154333 1.77720359427829
0.577884936279059 1.38444619709483
0.595396601014788 1.46938493439926
0.612908265750517 1.57693391146987
0.630419930486246 1.49443896840814
0.647931595221975 1.22507448386391
0.665443259957704 1.31236010004694
0.682954924693433 1.72183694260278
0.700466589429162 1.66920112423241
0.717978254164891 1.55228492724156
0.735489918900621 1.73375978922503
0.75300158363635 1.921010183034
0.770513248372079 1.71304718012063
0.788024913107808 1.98283213883003
0.805536577843537 1.74649607722726
0.823048242579266 1.72482569947436
0.840559907314995 1.51058707025542
0.858071572050724 1.65891391698406
0.875583236786453 1.78215696893765
0.893094901522182 1.81292473329648
0.910606566257911 1.75216032262274
0.92811823099364 1.82363335823178
0.945629895729369 1.76813040498594
0.963141560465098 1.79043843223269
0.980653225200827 1.77156224542234
0.998164889936556 1.97854659695802
1.01567655467229 1.59098414168366
1.03318821940801 1.69572414144183
1.05069988414374 1.6387044270678
1.06821154887947 1.78711153201845
1.0857232136152 1.73246178923793
1.10323487835093 1.89040123942439
1.12074654308666 1.94825365205721
1.13825820782239 1.4449689982822
1.15576987255812 1.2973292461143
1.17328153729385 1.55256143465581
1.19079320202958 1.75690160074836
1.20830486676531 1.60961225587981
1.22581653150103 1.44210314183365
1.24332819623676 1.50882213802497
1.26083986097249 1.55507615300731
1.27835152570822 1.63229704790391
1.29586319044395 1.65627094603329
1.31337485517968 1.60390290493803
1.33088651991541 1.42161260877228
1.34839818465114 1.43251348840331
1.36590984938687 1.38589859597819
1.3834215141226 1.54779044707822
1.40093317885832 1.2784398636404
1.41844484359405 1.26858237013409
1.43595650832978 1.19266274817194
1.45346817306551 1.25183363962581
1.47097983780124 1.07883617736626
1.48849150253697 1.17016572160862
1.5060031672727 1.05052261941619
1.52351483200843 1.07602471254365
1.54102649674416 1.06954183384845
1.55853816147989 1.02582700247604
1.57604982621562 1.02889896490914
1.59356149095134 0.960146791452321
1.61107315568707 1.17432308489739
1.6285848204228 1.00893923065284
1.64609648515853 0.859460267440254
1.66360814989426 0.596179563733077
1.68111981462999 0.888306655534805
1.69863147936572 0.792555349909049
1.71614314410145 0.780331513430955
1.73365480883718 0.682569193163149
1.75116647357291 0.735192716598267
1.76867813830864 0.673740477885571
1.78618980304436 0.68121856175823
1.80370146778009 0.250558300429527
1.82121313251582 0.737194176761914
1.83872479725155 0.292889492973024
1.85623646198728 0.230161018483233
1.87374812672301 0.307639182969422
1.89125979145874 0.328793076546475
1.90877145619447 0.306591375289374
1.9262831209302 0.266611289859
1.94379478566593 0.279671468296204
1.96130645040165 0.238991410846359
1.97881811513738 0.105413669658415
1.99632977987311 0.23499442089076
2.01384144460884 0.0980099722012494
2.03135310934457 -0.0618170487204924
2.0488647740803 0.127112835667172
2.06637643881603 0.247287411814789
2.08388810355176 0.0429365576337795
2.10139976828749 -0.0988940184549084
2.11891143302322 -0.107324527096937
2.13642309775895 -0.0770253749840991
2.15393476249467 -0.122148242064984
2.1714464272304 -0.2732862044385
2.18895809196613 -0.247045571258235
2.20646975670186 -0.158236239818592
2.22398142143759 -0.0950147990790216
2.24149308617332 -0.35937156027409
2.25900475090905 0.130037120729145
2.27651641564478 -0.37160254686955
2.29402808038051 -0.260478435710527
2.31153974511624 -0.45656759543672
2.32905140985197 -0.371847981395279
2.34656307458769 -0.149764433318161
2.36407473932342 -0.280103987650345
2.38158640405915 -0.47435993381108
2.39909806879488 -0.0757114930231239
2.41660973353061 -0.241723252985189
2.43412139826634 -0.3978137537058
2.45163306300207 -0.458889185613028
2.4691447277378 -0.397471330882514
2.48665639247353 -0.401342837487664
2.50416805720926 -0.174654048266672
2.52167972194498 -0.492166865407296
2.53919138668071 -0.449952246059651
2.55670305141644 -0.344077845435044
2.57421471615217 -0.435072318641577
2.5917263808879 -0.424511547083082
2.60923804562363 -0.373835093601594
2.62674971035936 -0.334526931947419
2.64426137509509 -0.36231052662975
2.66177303983082 -0.391782729392343
2.67928470456655 -0.411552205025914
2.69679636930228 -0.342075219469687
2.714308034038 -0.31974153242659
2.73181969877373 -0.177430244882907
2.74933136350946 -0.383535628761722
2.76684302824519 -0.167061287507719
2.78435469298092 -0.283996196704861
2.80186635771665 -0.166474568827689
2.81937802245238 0.0611876083753966
2.83688968718811 -0.392219569074852
2.85440135192384 -0.271953884951041
2.87191301665957 -0.493093192209963
2.88942468139529 -0.148320317261527
2.90693634613102 -0.335655783824155
2.92444801086675 -0.200984981196242
2.94195967560248 -0.0908794892066431
2.95947134033821 -0.0311971354047435
2.97698300507394 -0.223855063294553
2.99449466980967 -0.285934551481501
3.0120063345454 -0.114186016046858
3.02951799928113 -0.0390486545171307
3.04702966401686 0.0951950795752237
3.06454132875259 -0.0143408405240447
3.08205299348831 -0.254685928741008
3.09956465822404 -0.0872686688290969
3.11707632295977 -0.175712000832968
3.1345879876955 -0.110693230437497
3.15209965243123 0.0269869351001167
3.16961131716696 -0.146135706533254
3.18712298190269 0.206917958183276
3.20463464663842 0.0598560407031558
3.22214631137415 0.261814364546038
3.23965797610988 0.273098869940232
3.25716964084561 0.00721456807703956
3.27468130558133 0.0798921442705061
3.29219297031706 -0.132565671548542
3.30970463505279 -0.0252884227936651
3.32721629978852 0.293343319370893
3.34472796452425 0.271215484309723
3.36223962925998 0.126469728137313
3.37975129399571 0.0816214244454366
3.39726295873144 0.417893631308264
3.41477462346717 0.420379885748597
3.4322862882029 0.37923265958585
3.44979795293863 0.468028233193008
3.46730961767435 0.360200321540881
3.48482128241008 0.205108102626295
3.50233294714581 0.285600062261374
3.51984461188154 0.229157653535581
3.53735627661727 0.126366211810756
3.554867941353 0.301107814721415
3.57237960608873 0.333452821500077
3.58989127082446 0.292086586509096
3.60740293556019 0.384846467502504
3.62491460029592 0.3689262600949
3.64242626503164 0.414170865052525
3.65993792976737 0.30968666733066
3.6774495945031 0.413039495931949
3.69496125923883 0.212145671544067
3.71247292397456 0.419767344267631
3.72998458871029 0.308688782463146
3.74749625344602 0.475935550115265
3.76500791818175 0.442835067726
3.78251958291748 0.404056580345252
3.80003124765321 0.550495959985012
3.81754291238894 0.366508388149597
3.83505457712466 0.736215512899683
3.85256624186039 0.396821175212608
3.87007790659612 0.0634845698590669
3.88758957133185 0.127710823051213
3.90510123606758 0.389000566042538
3.92261290080331 0.108675653847816
3.94012456553904 0.304381630671936
3.95763623027477 0.542703503515667
3.9751478950105 0.102520027139395
3.99265955974623 0.149223366252071
4.01017122448195 0.0654652562031718
4.02768288921768 0.184857952973993
4.04519455395341 0.419840476107004
4.06270621868914 0.181973296833119
4.08021788342487 0.135273666613003
4.0977295481606 0.0193878788027338
4.11524121289633 0.0364277880256978
4.13275287763206 -0.193087517981112
4.15026454236779 0.0116714295334751
4.16777620710352 -0.0549149257610971
4.18528787183925 -0.122894682498515
4.20279953657497 0.0920149675789347
4.2203112013107 -0.198363716335538
4.23782286604643 -0.207263490562138
4.25533453078216 -0.253631117175806
4.27284619551789 -0.214421222631724
4.29035786025362 -0.025877388851007
4.30786952498935 -0.382880571677715
4.32538118972508 -0.220472738979777
4.34289285446081 -0.203800273172243
4.36040451919654 -0.261622070430203
4.37791618393226 -0.328334149127501
4.39542784866799 -0.315171645672422
4.41293951340372 -0.517402251244416
4.43045117813945 -0.410826483447403
4.44796284287518 -0.432144592882871
4.46547450761091 -0.656501717384091
4.48298617234664 -0.511774105149734
4.50049783708237 -0.400062476857162
4.5180095018181 -0.52649012276176
4.53552116655383 -0.570748021267695
4.55303283128956 -0.62637110394168
4.57054449602528 -0.658522117686849
4.58805616076101 -0.940570668863538
4.60556782549674 -0.977722873874116
4.62307949023247 -0.67636474311712
4.6405911549682 -0.944137139954108
4.65810281970393 -1.02870966216939
4.67561448443966 -1.11738284977923
4.69312614917539 -0.922764324512877
4.71063781391112 -1.03614439908353
4.72814947864685 -0.840984420129783
4.74566114338258 -1.00468774391203
4.7631728081183 -0.980493151406733
4.78068447285403 -1.03653461110168
4.79819613758976 -1.13998513146049
4.81570780232549 -1.13961984532327
4.83321946706122 -1.38275212669122
4.85073113179695 -1.43672351969159
4.86824279653268 -1.1007437779643
4.88575446126841 -1.51675688517195
4.90326612600414 -1.16461483627857
4.92077779073987 -1.41584508579917
4.9382894554756 -1.33122935887319
4.95580112021132 -1.42013112779143
4.97331278494705 -1.3406377809929
4.99082444968278 -1.46009300747764
5.00833611441851 -1.73126199665559
5.02584777915424 -1.53544325615113
5.04335944388997 -1.3506027177826
5.0608711086257 -1.43973826135493
5.07838277336143 -1.76536671850435
5.09589443809716 -1.82866143342786
5.11340610283289 -1.7364530316226
5.13091776756862 -1.6671487021354
5.14842943230434 -1.77128974332239
5.16594109704007 -1.79863617002047
5.1834527617758 -1.66175452848632
5.20096442651153 -1.67090250359249
5.21847609124726 -1.68468629819665
5.23598775598299 -1.82930432208429
